2474.5452800000003
602.2330799999991
1690.068799999999
1329.1669999999986
1527.2117999999991
40.16827999999987
63.52327999999943
1059.3967999999995
298.65312000000085
347.8299999999999
1732.797919999999
1874.3230000000003
1769.1404999999995
266.8279999999995
15.396850000000995
2179.8921599999985
1706.6404999999995
753.585939999999
2046.4662399999997
95.30699999999979
2434.28254
43.8130000000001
921.3615999999984
1687.1634399999994
1370.5420400000003
471.0040000000008
3987.60184
1160.6791999999996
211.52500000000055
1514.9845000000005
544.0552200000011
748.5297600000004
32.9920800000009
443.1076000000003
2387.77736
29.076640000000225
1055.6488
3049.2032600000002
106.40059999999994
299.41439999999966
3710.90272
827.7119999999995
253.60000000000036
219.19860000000062
2181.8974999999996
771.7200000000003
353.65391999999974
327.16499999999996
1276.6053000000002
230.27999999999975
4697.2600999999995
305.6800000000003
285.40749999999935
172.47639999999956
380.34000000000106
1233.3199999999997
207.04968000000008
235.08500000000004
987.0160000000005
2326.1592
658.732
84.90879999999834
676.2988999999998
2675.4524999999994
45.743249999999534
1805.8359999999993
1940.6000000000004
1946.3600000000006
1105.12
151.27999999999975
133.26500000000033
