2474.5452800000003
797.469000000001
1690.068799999999
1329.1669999999986
1527.2117999999991
40.16827999999987
796.5203199999996
1059.3967999999995
298.65312000000085
505.9950000000008
1732.797919999999
1836.6493
1769.1404999999995
266.8279999999995
15.396850000000995
2144.15568
1706.6404999999995
753.585939999999
2046.4662399999997
95.30699999999979
2434.28254
43.8130000000001
921.3615999999984
1687.1634399999994
1370.5420400000003
376.3242400000008
3987.60184
1160.6791999999996
288.02299999999923
1514.9845000000005
488.9415600000011
748.5297600000004
32.9920800000009
212.39239999999882
2418.4641199999996
29.076640000000225
1055.6488
3049.2032600000002
106.40059999999994
299.41439999999966
3730.7131600000002
827.7119999999995
158.192
219.19860000000062
2181.8974999999996
771.7200000000003
353.65391999999974
327.16499999999996
1312.8883350000006
230.27999999999975
4697.2600999999995
305.6800000000003
436.6750000000002
341.89599999999973
380.34000000000106
1233.3199999999997
207.04968000000008
235.08500000000004
987.0160000000005
2326.1592
205.27199999999993
130.80447999999978
676.2988999999998
2675.4524999999994
45.743249999999534
1805.8359999999993
1940.6000000000004
1946.3600000000006
1105.12
151.27999999999975
133.26500000000033
