SPSO Nasa93
1.181159860896337
0.8989521379683386
0.8152027494494376
1.5410446486188627
2.9385099804488766
3.659124521075241
3.2327630505738507
4.150789712056483
3.7373131549311167
3.427414971221868
3.196409026049125
3.2551881905991644
3.1040035543889366
2.9306858436023107
3.962839997473123
3.767789305284077
3.5957400729593547
3.73312476097722
3.942886650390865
3.7720298302145423
3.6531605558509885
3.548414624974593
3.7059612219311022
4.345768795886889
4.211211373895297
4.064187219270968
3.936661419012315
3.821732182503776
3.832637188146798
3.729284884212811
======================
SPSO COCOMO81
578.3646579468355
596.2047750425602
606.3610689715713
607.6347851181172
619.6484647109434
618.0704156861684
621.8948677186786
621.6189442733122
622.0241678416919
621.5424974302526
622.4688380208518
623.1567118340195
621.1180299025119
620.4781912603073
620.064821663408
619.2874172324935
614.9244033978053
614.8796374298747
615.7878406285697
615.4639175865804
615.1988922614944
615.1091003868235
617.0908267634492
618.9431329802065
617.8661572527691
618.7221405175811
618.5741589874448
618.4010777325677
619.0734041847059
616.7287792281024
======================
