IGWONadimi2021
31.488772598202868
32.24635992635317
30.506343940957017
31.641893009643546
33.23922040567091
32.46956758478074
33.00873992942412
33.60255639585644
34.20822735427623
34.16133449855375
33.97006284305991
33.81962713500918
34.16939915035685
34.72726310870614
35.45942572315638
35.52279408209956
35.03089439131293
34.84900951485427
34.386478515008676
34.075436448507034
34.055811566988496
34.30941528082745
34.65882108095868
34.39233591576838
34.983712690988
34.85045266935243
34.62894296055948
34.430545198280655
34.60358976782319
34.30224073335232
======================
GreyWolfOptimizer
47.84368154816534
42.46781796018355
43.20437604125927
40.94823937039525
41.85765561152277
41.25119548620459
41.81041820223372
41.53866385283191
41.828717905548196
41.26301729360106
41.96845618680126
43.16466499632442
43.335461595148466
42.86338106748799
42.87212673543783
42.337168807657605
43.11598987638331
43.54219116604132
44.0981023416133
44.765511289717935
44.69880034759151
44.088764578441754
43.75861570358673
43.65812474332261
43.33263381328835
43.143869428392115
42.728330780894794
42.825041442667036
42.55472391895548
42.21553500378231
======================
IGreyWolfOptimizerLi2021
94.81460890245731
80.94193390137974
84.26743333539854
84.56368490408062
94.01354991614625
91.47857738388635
90.76910050781346
92.22430652936536
91.94201255059616
92.18515920316719
92.43758252651469
91.95355777276357
89.29327717550358
90.2192584105028
88.66849359372821
88.14378019621662
86.86055923842284
86.46268130064446
87.25022614527488
85.87432693939566
85.54244649311221
85.35338680175501
84.41350386449359
85.09688254181386
84.20418727243666
83.7397238037046
83.58961391195245
83.71707051934428
82.81532735353213
83.13694861038971
======================
IGWONadimi2021 Singer
18.612570214733513
18.738348935619143
20.57079285706441
19.860174519670743
20.47827766691856
19.913158222133077
19.753796599340667
19.554242605176736
19.483231985846295
19.308534612879356
19.334592695324066
19.38773404044871
19.233636024360692
19.465006177944588
19.68340393087958
19.610598235757955
19.785289547784835
19.815410722169393
20.073094360751863
19.886948613176465
19.907879930538034
19.881775765981764
19.79486355917695
19.769380732330728
19.90141126759978
19.800919750495783
19.975965925444722
19.920039021259875
19.798720640954233
19.65986688682944
======================
IGWONadimi2021 Sine
19.75051915468943
21.217794606597568
20.287997184964627
18.960375953232784
19.126877953485092
19.539633123956627
18.65790996862863
18.366443399684552
18.01307369107784
18.11520345664827
18.09193777422422
17.84199617253391
17.824651388846128
18.948618211178
19.310866478965416
19.12099966114515
19.222916669122426
19.50838829314896
19.44772075599107
19.24446071339678
19.28530758757008
19.700831708940377
19.78693121932148
19.720297907237835
19.64362085898375
19.721637973641666
19.590544322642824
19.542425622628347
19.322352110974418
19.203152878142326
======================
IGWONadimi2021 Logistic
19.355593365091373
17.29542922472173
17.7370618488656
17.316800081615238
19.15939257660014
19.47226016645099
19.06424962851841
20.04349822327557
19.28759040756094
18.904157328558234
18.63608570640042
18.633091127064944
18.482422127139017
18.524497522504173
18.48920226855301
18.262651339771207
18.025537703615125
17.973608161970024
18.064395545750074
18.096666302213542
18.10129803790961
18.146145936694403
18.085819213561724
18.04456910380713
17.968269637726582
18.17133890587606
18.10537254238791
18.163911432711586
18.336884503595268
18.406239894738665
======================
IGWONadimi2021 circle
14.900364528439162
14.722063540734206
14.997468564535994
14.36242165204635
14.087201523123532
13.625632503802539
13.2298875252112
13.147457337919155
13.112528157734788
13.206788289026601
13.277060574800144
13.133265001817398
13.136281618276119
13.245839872306075
12.88032140166302
12.787319644162528
12.919425701024089
12.873917368154578
12.829128929653395
12.931371703769486
13.00707801730675
12.909684925135956
12.940494911093822
12.969380891850486
12.892458208771908
13.00166470012664
13.012044160944749
12.989981332125351
13.003463167688219
13.120745557906002
======================
IGWONadimi2021 Gauss
31.506027182421455
30.27846445085253
30.60691060697499
30.148018438027556
32.51832799914666
31.61465535497292
33.23285993963356
32.12659389814505
31.107143114002117
30.541026891368084
30.56075733104904
30.686372496155677
31.26813904828074
31.00231760092099
30.402665794679844
30.51123907538679
30.819135770384154
30.85436276129991
31.02179793533983
31.088665443063867
30.84685219887648
30.582619887136694
30.724301602652165
30.94477183133719
30.962831310547383
30.997609833689282
31.099318999672352
31.067445694795687
31.07380564648267
30.8209729950621
======================
GreyWolfOptimizerIbrahim2018 Logistic - uniform(0,1)
26.559239684778195
26.3067386428909
26.403241804731508
24.17764212907168
24.826775674256925
24.329755215206138
24.02199252386643
24.70680653163914
24.9576388857096
24.820781207874834
24.500282943573747
25.279640271485853
24.927458424581932
24.645778449058366
24.948092681959107
24.57492350928456
24.47825415902061
24.299635342694902
23.717978920089696
23.83870199821165
23.8769803678842
24.144352934300333
24.174435825978907
23.84846258676077
24.10742923728499
24.212307742994955
24.170888639156324
24.39486439601273
24.229394448995283
24.160101621007296
======================
GreyWolfOptimizerKohli2018 Chebyshev - 0.7
884.2494840054262
734.4986239754257
717.0571141011093
723.8530110630594
700.0326500742914
685.259099381305
713.3897142128295
724.8143012252478
752.1071120570122
739.6027572018738
734.3241874143666
734.9153608019107
744.2292537610002
742.0312772272839
751.3107565987272
741.3249184083226
739.9049072923708
737.1967771147872
734.6570155474179
722.7987812936442
724.44900187029
727.0898448016048
726.168671121558
728.797373215394
729.4493275769898
733.5989776521724
728.7414022597867
723.1610776894881
721.8149229677348
725.890993352632
======================
GreyWolfOptimizerIbrahim2018 logistic random(0,1)
23.018537097293535
26.825771272791194
24.337446046883876
23.690973892524006
24.515711231985534
23.98742718385783
23.36761068986125
22.859980976967314
23.213969942486052
23.25088617965466
22.651241115714242
23.409515419224924
23.35179995248684
23.92378337050168
24.063377082239697
24.188630436412808
24.235799753582835
24.19119346929652
24.232144994830534
24.172812506759936
24.099247853043977
24.1768750904873
24.239555789376077
24.48543546174889
24.56930193692849
24.512508387704024
24.385122769588126
24.328502982908063
24.10845933193309
23.965782694001096
======================
IGWONadimi2021 Tent
31.714471663025567
30.367765220686685
30.024469870431
30.227925999597428
31.946235191365865
31.736929494431415
31.421016287589428
31.650141547056982
31.57083403689907
33.15564309879922
33.10238663114463
33.29137227926432
32.488095067996724
33.343223291972656
33.12275481701275
33.51580004506316
33.55728293967939
33.02599925092318
32.78403589802876
32.64601426497069
32.683046050323995
32.99220372097801
32.978324538555334
33.4497615376695
33.408687122402455
33.19551537421457
33.04964231848947
33.091810989862104
32.949757333249835
32.721557762570875
======================
IGWONadimi2021 Sinu
40.535203541690144
38.93924243133209
34.93042884643145
33.813757868349924
33.69595096523237
33.566964437838344
32.92004174228136
33.15018496462841
32.41469466178493
32.85097231064247
33.01888505294089
32.99694268635967
32.985533061427994
32.314911249794754
32.263102767560206
32.311419161393125
32.282093673523455
32.20616407913828
32.010438008964414
31.613630153086188
32.26373896478134
32.890385727156264
32.6273532900028
32.392829425501716
32.77780431709259
32.51042031299854
32.66574131304564
32.66717065947128
32.492567895143374
32.5618953881471
======================
GreyWolfOptimizer Cocomo 81
7259.126645670871
69721.41346835654
53120.97554863709
43598.943719504496
40264.218933871205
85023.64051346546
96743.52054027181
88137.20411384801
94808.24189865177
88963.83706126154
112607.87016348747
129037.14281771032
119308.75528174477
116259.63464732429
110781.1189699389
117832.1910503227
111214.95432327117
105494.01445672248
119191.10978422931
116854.4213309215
111599.52047125521
114114.34501574497
123355.13661181633
133569.53331059936
131295.61407154938
133539.5266277241
136043.7967898794
136376.23183637814
132603.53910025666
138266.32240579164
======================
IGWONadimi2021 Cocomo 81
2305.5479305451963
2431.642818597159
2573.4982855387007
2587.7779055238752
2593.2259299231714
2606.035381405651
2518.7665467757456
2416.299576788299
2429.0778525413416
2393.1042641261333
2350.685014050094
2374.4841806437616
2394.970849593232
2387.9969216284576
2388.215349399041
2333.4875126951097
2344.732573947402
2333.7202038762944
2330.499308767536
2348.664555971544
2347.2917945331324
2358.223882847269
2337.5859598905868
2353.706542113779
2355.2256721579956
2335.411530428135
2369.9991218242626
2342.6521654915286
2353.973327922944
2364.5186359244985
======================
IGreyWolfOptimizerLi2021 Cocomo 81
1742.8818834800916
1578.2036691915714
1421.9275280966033
1328.0714777852077
1330.8964552771777
1267.0639138388738
1270.5469775290792
1285.027430050799
1240.622573610318
1215.5355566460162
1209.7190912971057
1190.7958474030502
1192.842501198271
1184.52912447849
1188.5164532118786
1221.8930321087603
1235.8443544880372
1226.7744128732252
1240.0508478153554
1250.6107414616179
1246.3262594620162
1236.4387598093633
1255.9539492297727
1254.7714604033288
1259.375231100883
1255.8438015881543
1259.1015798720516
1255.5634742587943
1259.2064289691111
1255.0294001257596
======================
CGreyWolfOptimizerYang2023 Cocomo 81
2621.2000087984065
2499.5924174165175
2327.870769568145
2351.0565454454554
2284.635551835208
2260.9185842347515
2164.9911845857196
2168.4352399203913
2282.8373413829554
2269.2910821853416
2281.610097762881
2285.5936549264093
2244.169688920824
2255.901565366221
2229.9188108730377
2222.4389405102643
2189.0223518302723
2201.579670596311
2157.096097454495
2140.0725155769683
2149.1852820055083
2175.786411256017
2186.02630943354
2205.5338170992045
2203.0619672357966
2211.4059351611468
2221.28142120688
2240.564528493912
2263.9956007943497
2237.263514492555
======================
GreyWolfOptimizerIbrahim2018 Cocomo 81
710.5779378048263
758.5699021110544
759.2442427438235
713.8817032013739
718.4956092476515
742.0670318345599
722.989901546097
702.5849241893906
714.9375064930788
721.816510789699
708.5557531200691
699.5321857631423
703.2626199657126
699.716945974927
706.0179345679954
701.4671770845506
693.2247969185785
694.6709677758255
692.4336308127675
694.5117038903145
692.9450303763266
684.85247144081
689.1644016969715
689.0651665689655
691.300943955534
694.1280683568502
690.5206623808667
688.5812355566896
689.0291914952832
686.0277405112845
======================
GWO+Nadimi+Gauss Cocomo 81
656.6083642943676
657.1187898272553
650.9895364106832
650.2800982524508
645.6079329145502
646.1077762177471
647.0026375177068
646.4521480849475
647.8755199220102
648.9304296867134
649.2666634543523
649.8209379174908
650.4800150719527
650.5522062555974
650.9323816931918
651.3998058782836
651.6314728810531
651.1086293654537
650.8288172122167
650.0412122670635
649.9672219547413
650.0154223175842
650.1336088478947
650.2545268368598
650.6677385111293
650.8811623105619
651.0905281426808
651.260260351663
650.9365802293993
650.4929704019705
======================
GWO+Nadimi+bernoulli Cocomo 81
2603.6753040539297
2097.3067262406153
2005.413935903668
2220.932773614562
2146.9006046494183
2220.3229325061925
2334.4864650438903
2261.2141326257415
2221.2451548046415
2207.6579581504225
2204.3888505403597
2261.316414476333
2285.002043521854
2316.668459095293
2297.0816849871653
2266.600601745082
2244.604594626199
2260.1235817956817
2240.165585035215
2258.40562495506
2267.0582980477798
2262.43438734442
2246.8999058897107
2250.308414282866
2220.4347079857675
2215.0368083895687
2220.4355794357675
2208.016758027105
2219.5587726485674
2215.3234957988334
======================
GWO+Nadimi+chebyshev Cocomo 81
2235.6002893857353
2513.9140471102123
2401.6217329648625
2433.0098093595225
2416.1964148276975
2295.8552121918133
2288.580546860816
2202.904794160435
2159.2275611857917
2142.157677623478
2173.4785896089757
2208.4037113109653
2237.5327478645227
2251.7640393332044
2308.4981487572804
2289.875047993777
2310.864737683026
2335.5427761757223
2325.4546265653375
2324.3462762481277
2301.3636083546653
2296.33264035501
2289.4985335115416
2273.709581561285
2287.280757292199
2278.2679660268996
2277.6385932630187
2270.0715616715725
2284.4182359288725
2274.4195410672332
======================
GWO+Nadimi+logistic Cocomo 81
1648.4629031546806
1519.7279621179928
1441.1290899566789
1558.098436140175
1530.646072718873
1492.8873756165378
1538.889262697644
1593.6223951043219
1619.688871592108
1649.5681589876604
1653.2515100331668
1650.3152097207292
1670.9806145766827
1700.1753952006554
1722.9042586362616
1741.8400071890542
1747.2210044978763
1745.0018187713508
1724.3480480578535
1712.85833912945
1728.4314967845266
1734.8197401134346
1739.5050708968786
1769.8606883242865
1769.6350298014333
1772.2811816298092
1772.797351548213
1769.4391815889394
1767.2428500869378
1764.1026499406864
======================
GWO+Nadimi+sine Cocomo 81
1857.8177517119414
2046.6361891924887
2059.2050260950987
2068.6119041757615
2062.9126132266206
2062.10858307633
2025.3003624079806
2010.0541110661409
1967.660766919114
1949.3182367684592
1938.924270624826
1957.459856741595
1992.4824943283538
2051.5913753468917
2058.5696875516255
2047.8933850620533
2055.194935917764
2058.6044090474206
2062.453478897722
2034.748891765027
2017.1244832086659
2030.5714624180807
2017.4348724658369
2044.722589241173
2039.4569494800016
2044.2103765266836
2048.0398262572917
2061.4975087823645
2058.034934640935
2077.5548096987573
======================
GWO+Nadimi+singer Cocomo 81
3095.0797412429542
2852.5639570114186
2589.8782741397017
2559.0710298925405
2469.7286682680074
2428.893200958203
2369.5002406538238
2406.9061011297913
2430.7181430662476
2416.374140249337
2405.3250457523022
2385.570075092947
2368.6001739331664
2369.3663985290264
2389.058124829105
2400.407931927539
2445.0447761084392
2406.8078883900575
2400.210373288245
2417.490465467622
2405.3134927867795
2402.543847161493
2394.2402756707897
2385.7930994006406
2389.0407188292293
2416.583141016899
2415.3365237407206
2393.7965458505323
2391.24806020566
2396.426007308998
======================
GWO+Nadimi+sinu Cocomo 81
648.9656630501346
646.339512303175
651.151739090086
652.4800980942616
653.8220746599305
654.7057474612055
655.3731894910829
656.006951582606
656.3905453349321
656.3735704674409
656.125269689936
655.7060186069145
656.0389905352849
655.2969612246483
655.4517854114205
655.5161408944526
655.7363374794932
654.8919632471574
655.2186166496914
654.701295721841
654.9303718804284
654.723708445573
654.9429116332154
654.2282719226557
654.4338792868311
654.6806392506483
654.5581610258573
654.2706183147678
654.2742630366532
654.4149309423426
======================
GWO+Nadimi+circle Cocomo 60
406.4133333333333
406.4133333333333
406.4133333333333
406.4133333333333
406.41333333333336
406.4133333333333
406.4133333333333
406.41333333333324
406.41333333333324
406.41333333333324
406.4133333333333
406.4133333333333
406.4133333333333
406.4133333333333
406.41333333333324
406.41333333333324
406.41333333333324
406.41333333333324
406.41333333333324
406.41333333333324
406.41333333333324
406.4133333333333
406.41333333333336
406.41333333333336
406.4133333333334
406.4133333333334
406.41333333333347
406.41333333333347
406.4133333333335
406.4133333333335
======================
GWO+Nadimi+gauss Cocomo 60
406.4133333333333
406.4133333333333
406.4133333333333
406.4133333333333
406.41333333333336
406.4133333333333
406.4133333333333
406.41333333333324
406.41333333333324
406.41333333333324
406.4133333333333
406.4133333333333
406.4133333333333
406.4133333333333
406.41333333333324
406.41333333333324
406.41333333333324
406.41333333333324
406.41333333333324
406.41333333333324
406.41333333333324
406.4133333333333
406.41333333333336
406.41333333333336
406.4133333333334
406.4133333333334
406.41333333333347
406.41333333333347
406.4133333333335
406.4133333333335
======================
GWO+Nadimi+bernoulli Cocomo 60
406.4133333333333
406.4133333333333
406.4133333333333
406.4133333333333
406.41333333333336
406.4133333333333
406.4133333333333
406.41333333333324
406.41333333333324
406.41333333333324
406.4133333333333
406.4133333333333
406.4133333333333
406.4133333333333
406.41333333333324
406.41333333333324
406.41333333333324
406.41333333333324
406.41333333333324
406.41333333333324
406.41333333333324
406.4133333333333
406.41333333333336
406.41333333333336
406.4133333333334
406.4133333333334
406.41333333333347
406.41333333333347
406.4133333333335
406.4133333333335
======================
GWO+Nadimi+chebyshev Cocomo 60
406.4133333333333
406.4133333333333
406.4133333333333
406.4133333333333
406.41333333333336
406.4133333333333
406.4133333333333
406.41333333333324
406.41333333333324
406.41333333333324
406.4133333333333
406.4133333333333
406.4133333333333
406.4133333333333
406.41333333333324
406.41333333333324
406.41333333333324
406.41333333333324
406.41333333333324
406.41333333333324
406.41333333333324
406.4133333333333
406.41333333333336
406.41333333333336
406.4133333333334
406.4133333333334
406.41333333333347
406.41333333333347
406.4133333333335
406.4133333333335
======================
GWO+Nadimi+Ibrahim2018 Cocomo 60
406.4133333333333
406.4133333333333
406.4133333333333
406.4133333333333
406.41333333333336
406.4133333333333
406.4133333333333
406.41333333333324
406.41333333333324
406.41333333333324
406.4133333333333
406.4133333333333
406.4133333333333
406.4133333333333
406.41333333333324
406.41333333333324
406.41333333333324
406.41333333333324
406.41333333333324
406.41333333333324
406.41333333333324
406.4133333333333
406.41333333333336
406.41333333333336
406.4133333333334
406.4133333333334
406.41333333333347
406.41333333333347
406.4133333333335
406.4133333333335
======================
GWO+Nadimi+Yang2023 Cocomo 60
406.4133333333333
406.4133333333333
406.4133333333333
406.4133333333333
406.41333333333336
406.4133333333333
406.4133333333333
406.41333333333324
406.41333333333324
406.41333333333324
406.4133333333333
406.4133333333333
406.4133333333333
406.4133333333333
406.41333333333324
406.41333333333324
406.41333333333324
406.41333333333324
406.41333333333324
406.41333333333324
406.41333333333324
406.4133333333333
406.41333333333336
406.41333333333336
406.4133333333334
406.4133333333334
406.41333333333347
406.41333333333347
406.4133333333335
406.4133333333335
======================
GWO Cocomo 60
406.4133333333333
406.4133333333333
406.4133333333333
406.4133333333333
406.41333333333336
406.4133333333333
406.4133333333333
406.41333333333324
406.41333333333324
406.41333333333324
406.4133333333333
406.4133333333333
406.4133333333333
406.4133333333333
406.41333333333324
406.41333333333324
406.41333333333324
406.41333333333324
406.41333333333324
406.41333333333324
406.41333333333324
406.4133333333333
406.41333333333336
406.41333333333336
406.4133333333334
406.4133333333334
406.41333333333347
406.41333333333347
406.4133333333335
406.4133333333335
======================
GWO+Yang2023 Cocomo 81
2262.7103970269186
2039.9974749716794
1945.2966911562316
1805.6238482324097
1959.4622221666414
2038.725073021418
2175.7989251509957
2101.2142092034005
2076.6153790735493
2137.377884470092
2152.5190747989764
2241.1229739643813
2240.953761719052
2286.0843090113012
2328.919709638817
2329.129758541426
2327.564555484935
2349.4628177579953
2362.014710919583
2340.344254673262
2325.528961091111
2312.155654331139
2313.9817783650683
2331.7541103651756
2346.3118657822806
2321.320198107245
2294.9815307837043
2299.6631996620017
2300.5695503820943
2295.070390738793
======================
GWO+Nadimi21+Cheby Cocomo81
2997.255817255897
2672.3811054393423
2583.2695131231253
2523.8800172171736
2576.976861922569
2673.997994825189
2622.9839660774087
2594.58638137924
2549.0018048218517
2502.7171358743867
2475.1877004501494
2496.753726145381
2468.7308062539837
2436.084430110176
2471.0626043100556
2506.6908754802257
2496.60194419884
2475.7983587385647
2469.9124337117523
2448.238473522888
2423.8776692040515
2419.936022165212
2433.3996732082423
2439.017179201346
2452.6724272614297
2453.5512856098712
2466.7667980715632
2455.1946249652988
2459.385578054644
2450.8651332163886
======================
GWO+Nadimi21+Cheby Nasa93
335.3903430879734
320.14295623921817
279.90687774153974
261.54286436689046
273.6834615513078
273.7080771167422
281.76495047028766
278.47706863877164
272.15439771401
272.6846792227466
273.034470711709
271.48111671951125
265.5590947878106
263.56635994329224
266.03231721652355
259.1543616972718
263.8122982378514
263.5622639490037
260.02985560048216
263.71793928537886
261.2065470049215
261.9266793278262
262.602840640729
259.0492032694734
259.8637869161259
259.7192535416951
258.81294258152724
257.43906019988043
257.83125822027245
258.6948782145515
======================
GWO+Nadimi21+Bern Nasa93
289.48822120576494
222.01530581085933
223.52355692767162
210.14059773822007
211.05278214519964
208.51275068335303
208.52696242771873
203.95042479557026
210.37947581382187
203.29129149801312
200.49787301518856
203.08936735327637
202.65419593982267
199.8699520694661
199.55388118070576
196.80154408324992
194.68181428756003
196.05841638748774
196.69337489953557
199.2495695224968
197.7543372767248
197.95453238327744
198.0479152772652
201.1621440455782
201.05280798811552
201.4430395763642
202.9029398572183
205.44849078141047
206.4873204002776
205.24397556980588
======================
