
Absolute Error
2474.5452800000003,
0.10344770789015456,
1690.068799999999,
1329.1669999999986,
1527.2117999999991,
40.16827999999987,
0.25709649399686896,
1059.3967999999995,
298.65312000000085,
0.06531435799024621,
1732.797919999999,
1836.6493,
1769.1404999999995,
266.8279999999995,
0.02595178950832633,
2144.15568,
1706.6404999999995,
753.585939999999,
2046.4662399999997,
0.7788724214706235,
2434.28254,
43.8130000000001,
921.3615999999984,
1687.1634399999994,
1370.5420400000003,
0.7727034189738333,
3987.60184,
1160.6791999999996,
0.5088335415466645,
1514.9845000000005,
0.19172713067018776,
748.5297600000004,
0.08451216644971282,
0.14482284040786908,
2387.77736,
29.076640000000225,
1055.6488,
3049.2032600000002,
0.6855671132871066,
1.6013864872329577,
3710.90272,
827.7119999999995,
0.22862009500477143,
0.18090024437879038,
2181.8974999999996,
771.7200000000003,
353.65391999999974,
327.16499999999996,
1276.6053000000002,
230.27999999999975,
4697.2600999999995,
305.6800000000003,
0.006549667143190163,
0.09992655185760668,
380.34000000000106,
1233.3199999999997,
207.04968000000008,
235.08500000000004,
987.0160000000005,
2326.1592,
0.02277543976015295,
0.2936263961573786,
676.2988999999998,
2675.4524999999994,
45.743249999999534,
1805.8359999999993,
1940.6000000000004,
1946.3600000000006,
1105.12,
151.27999999999975,
133.26500000000033,
==================================== 
63759.57168635109
60779.23271980322
79126.55932413004
78026.52938782789
67590.49467598915
70301.12761499055
72976.79873257506
62004.55378991437
79346.07260834821
73200.62461347174
63650.135721777006
68199.44897162763
67883.58943932984
86251.92589937821
79973.63230467863
63610.162396674685
68253.47202044625
60551.62195643976
76854.08273455086
78553.29788484413
58732.86265105797
73789.73734728625
68963.80104128997
78836.01086897723
59749.09098923836
67996.16562408103
73746.66575324448
82365.161120706
64572.25956796124
79533.84849399894
205.80506278906844
205.40129514539964
215.93392195300532
228.40753995076932
192.4513825718735
212.7440447934884
f1
58246.71875436059
57016.55580572017
63594.213640665585
68232.39476789947
73991.69083608371
74989.6032493885
78251.8554671976
60219.79503629157
75868.92370368814
61887.496422561715
55995.144706880084
65684.74678913757
77333.74580974065
56604.51682037723
65356.693531958124
72199.98850989479
67453.76496678601
75227.2612944428
60833.864402257466
74481.5546239302
61964.188489900305
75640.82420730853
61841.27025980494
65607.62632680238
67101.32296048346
75926.08539185426
57720.483045052664
67272.85089507162
85166.03732831919
68607.16258018024
======================
f2
202.02862641591207
218.28387108439398
219.71638555158765
206.71607052478487
220.92663131446557
220.48420762775228
211.34402781722812
183.50547788961097
205.21423549294207
212.83060504185818
211.3105186785538
197.6323569289813
203.04877886236778
214.56491345900844
209.21050137134273
203.42407088671348
215.90800997606163
218.36959263575207
226.84941494952866
219.9418108289732
198.1396717523048
223.06124948962156
190.7424162421972
208.06164196637198
205.0358097054585
212.02315076448076
195.97337985984774
190.12879127602181
217.66467399054224
227.40505130381774
======================
f3
914666.6600952266
998135.3745839474
1229194.9767130353
853610.5443696711
1042515.0811818559
1196148.4950305745
929440.3635258023
899305.8277849117
1070798.1179387982
1064628.9847103925
973783.6623342474
1220548.6216453968
1167680.69421493
1155603.3168311806
1173925.248529772
1068549.007725276
964277.3331891887
1051330.2033977117
989402.4584716284
739765.7506345037
1196279.370789264
971644.04146542
1114026.7759981647
888601.2706250856
1107435.558608941
872475.2249188792
1011339.655555324
1062390.5203904908
1132198.0141232405
1109212.673195084
======================
f4
87.85490886670483
87.42716389313986
86.03560724901686
85.70651022441743
88.06494056770401
84.29769747132784
83.35813004290402
88.24420293157303
88.80355692274277
85.97500000000004
86.8180440365742
82.21421453343615
82.10170540891447
83.366340711273
88.1249999999943
88.36072852984535
83.595
87.43579988247652
88.13203124872307
84.6369508771013
84.4241384697276
87.615
87.165
85.1207717954203
86.5589605339391
84.05258938360782
83.98768545988506
87.8382576980721
87.75512027762636
87.68368811575353
======================
f5
145433540.28911486
196715581.61473548
203369397.03426257
235255655.34548268
245041197.42437124
211184954.89408207
263202688.6857575
202701926.2188649
227155164.49018735
222361525.1417719
242343319.13726506
251453110.44888887
227237340.21216503
228426398.0021223
243341029.62483588
173597588.4762016
217465086.07419822
210991067.01266026
237228174.8589489
162608595.10295954
211023424.15034238
211835823.27478176
249158268.67665404
201240557.3023091
204855385.763997
186669841.77669874
226560754.1729866
233891513.67592824
197598221.34760797
226164548.04903236
======================
f6
73136.81556417445
76245.37300355535
61431.99655447045
64697.378069626626
72129.68059758164
66589.48007882328
79933.58071391936
69205.2730630488
61901.318138001654
85751.53837488398
79559.32045882185
76500.21921231704
71241.73717583256
81198.46105397366
65451.452931820364
67746.38729234136
76814.01285418132
59978.21583460156
74742.00256670764
69976.83502345897
69843.77514564009
67197.18676157501
86350.00221366769
59212.419483787446
81798.60698019333
70901.3652681138
71138.87400491067
71889.84282797083
69197.5187800518
74970.78165274528
======================
f7
4517585247.031951
5331743949.059014
5413907925.351493
5304037287.773523
4280267072.4516172
3079873789.90067
4685545273.593819
5268016997.864765
4345346908.167312
6001191244.725965
5114471319.023307
4208164530.828443
3504419909.7439585
3107235417.909983
5624355511.679945
5061157984.962105
5142300298.451379
4770931373.60003
5322782911.159066
3350556541.661557
4736354626.162548
3421046198.7368803
5115317693.7719555
5662936855.0373335
4734281698.734324
4833445168.262811
4658441372.32553
4433374399.778361
3708570147.509386
6017751479.089426
======================
f8
0.14940727462919767
0.15926149929326527
2.152872230206647
0.3858871324629831
3.6394305487603145
0.4382957882402252
0.7989331628775744
0.02515144061769803
2.238018937920515
0.23245766654116196
0.8740398681459851
2.6424838499929635
1.0378946473512372
1.306847108624396
1.6507851895906853
0.7164089447519721
1.2610786294566765
2.640672927252197
0.4257307327958184
0.6474639574266234
3.39479704825726
4.151156116946538
3.5463426506877056
0.21342504826566255
0.9259293100860191
0.38007421828561405
4.1040076132704435
1.082457589241784
0.24609403614226721
1.7745156035184095
======================
f9
388.2560031626833
372.8660510002666
377.22283999193706
359.06665474931305
401.3631411757878
382.8004712737219
410.7531579198937
409.94980886403346
383.40054623082756
383.01772768588194
404.1787753410301
380.091438398268
410.3222381109377
395.2333169287694
351.9735501654219
389.07694762220706
401.2063035421073
396.7329204097157
400.78217140458383
393.78716153366366
364.32172512329765
381.860175794445
398.06289849245337
353.704258354307
350.3022388621348
423.6856725472207
358.0247266374452
369.39959650160307
410.4184024548551
377.2666454080956
======================
f10
586.6768981349633
599.0655959268292
597.6361946857278
607.7528898155737
590.8130335327353
617.0270321080003
619.9680735526123
595.8088434533212
610.8011656207053
625.9687274001993
619.3306767067544
610.6531416515261
608.9904791219069
604.0956034692351
614.2565282112628
624.9098964625238
611.6871576825921
609.8948354456057
604.3695919102706
616.3285918215932
593.2741964008386
602.664870133151
594.9369916636781
597.5017183349075
612.605461427996
593.3698933211307
579.6681183937739
623.7194629089549
616.4058844988411
600.4931524246987
======================
f11
7762.911844265472
7624.044603989235
8066.254122124655
8849.988085887117
9266.364636142214
3766.428333443676
10819.217276437093
2955.653976068084
7633.4346185986915
10508.557686741102
9981.104458644028
7101.055560823325
7765.945471211206
8613.629096825323
695.923964042697
5582.154474634384
1388.5845513833847
9033.56217129144
2010.3383319798909
10074.383395607632
10043.447923217951
9156.312032129546
5099.655693163899
6353.450463467756
7736.197895447143
9083.297092518169
8805.117914803117
8620.9664248367
8943.5667536101
9073.106709761247
======================
f12
1975405.636445788
14480639.826266717
21896037.88647731
3365698.8668894726
2399625.677226991
821920.712440697
11585011.637999685
39942881.299247965
5152539.118430355
35818300.321798965
7286652.497942768
20704453.844505172
15516154.038001468
6544649.348596889
2350199.9485844686
3665157.2185218986
28264938.836935088
2550621.223389729
1818934.7637011085
5707394.857795082
10335829.582898997
15331798.79733842
8851157.995766632
9823506.376784844
2154543.502090165
7112942.703260939
48483.3500068205
39351039.39895042
20858219.92262168
24305733.360787157
======================
