
Absolute Error
2657.766791355726
1.4645326432410002
1885.8717853297285
1443.186338817869
1731.6436429465093
144.37666656935016
1.8742082225962804
1084.8061413700007
474.7673638857077
0.6629177596605587
1770.3172845444697
1962.6180344682425
1807.3822183038155
624.6244510247843
0.65270411110032
2249.5873087061036
1819.68256969106
818.2029645308539
2147.589301140346
3.2108631841374518
2593.640542801246
169.86280876129786
989.8898191083517
1812.4313804186977
1439.0009957133034
0.06151439332188602
4029.6030984392546
1341.3766907994604
3.3102154881080423
1607.7954694057025
1.154308159268112
878.917635090771
165.51141698526772
2.4234789234087657
2415.295551333152
95.79008985546898
1130.3624236859087
3174.3096528812753
7.718159958241813
0.6547931416480424
3780.6747435101356
857.7842416386857
5.553285260222765
20.900214051816874
2335.675005344758
834.5324649990525
412.61729820396795
364.2159762603387
1305.5299481652874
368.88251173567005
5061.354945067462
492.91015517186315
3.147958615159041
5.213601201642632
543.4463181696119
1388.56879562618
209.42436073673343
294.06661658775283
1006.6012428456443
2345.6661550885615
10.016137392181008
1.8835393987410498
707.5598308546332
2811.3445920538725
249.3614472942645
2037.2891470492323
1990.6816210994612
2145.149801455098
1269.7224144626025
232.94105595303608
237.67186526166552
==================================== 
f1
67373.68864776011
76099.60293274614
81062.10824803317
71236.51940191387
89332.59609575392
76480.88556277652
55275.06397753293
74235.75590035305
81429.61745253412
69673.89297550975
77845.75473166895
69257.17425992695
78440.74214586963
72693.15018509257
66907.11080244619
86800.61954946876
77545.94279933613
62879.56159008659
90699.35937186898
94206.49307853052
65619.0575480194
54059.50006510388
80161.67944134024
78528.59552398493
93766.35374887328
90797.10205228285
74122.29159672516
85805.37576556056
78429.62224196961
80401.53815701437
======================
f2
267.5938089247054
215.84350578285154
312.8683049677211
300.42676307429645
230.31929515489617
255.09973520729008
229.45890097400758
213.04528998640566
234.63581230431205
279.7554976105105
235.74449919911808
308.1352685070828
273.4106330244428
278.60422571145386
246.14974667621806
242.33980315444552
235.63708636524277
231.09695130787532
230.89429702440873
249.0119025636664
265.98973042276606
232.187189200231
229.30046222905594
246.95759576172827
251.66711565393106
255.71006491292033
225.52161445949326
298.0985477211897
245.2462263440866
268.89642871382785
======================
f3
807970.4456538089
1035864.6530281954
703201.3059640483
990564.5875234633
562854.9646633036
1179542.651914634
1234667.2263067963
1251053.0004787326
1098196.073822556
1149438.3524991197
1243974.018942649
1075929.089703075
1141018.1157628417
1208500.629787072
1388629.9638968008
1123857.6743582455
590180.7969467621
1287205.210859705
796785.2969941945
1384504.7593010936
977307.9915502734
980583.1122677876
1308696.9690624392
829818.0970243026
1193512.9291528082
1292650.003499377
958433.6727568787
1365346.32191051
1173192.6014230007
1314413.1838161685
======================
f4
94.36256414728109
93.19840807664497
85.56360198741771
84.43540793073356
86.98508578372227
90.52740908661585
94.53100524583792
97.61068283375072
93.77124591437885
90.81361763162066
92.9439443899526
91.56018452377054
91.52635428172913
87.99498590089578
91.27245483498473
97.86924985121331
88.31375531532389
89.3355150594094
92.73971372998528
87.80263231540613
93.40089691716656
83.61907109825484
97.61273756363823
96.91033136961752
94.12659287556698
96.15806114762773
85.4448091061257
88.7130624625742
90.01092338215821
87.94608282652084
======================
f5
286325283.3266834
294046142.0423489
367767317.92227995
287968352.7016526
372075937.4936259
325063175.73011565
292196292.7012682
250857735.9098193
206800057.19380617
238394988.72926825
214129761.35212296
294019143.71697706
299053512.03147626
244476486.5954824
303837983.7506839
306476434.78334576
311747535.10556674
410204416.5426499
306664640.3942207
277196890.7188824
311567719.868234
385302717.1919866
268703349.2346119
304366261.89550024
316023610.04804015
236208322.34932914
213149620.15537035
270068535.807056
332118286.9086464
261930416.63262036
======================
f6
68703.08982820991
74075.29132959693
67763.13843952472
76813.05517408322
89974.10344244413
85754.63667484363
76964.9894122044
69137.36699254187
56214.04415977718
78945.3916089008
83458.52476594309
83733.38338694884
78730.85075949546
77782.2994000201
80238.86929165761
82301.56412245317
54333.851834265275
74256.3333001749
68162.90794704677
74788.99876942104
66640.87190838701
90895.0908396296
61692.46734618279
60888.73215167037
64333.72986986582
73222.00476222321
64988.071770134695
68162.26058183562
78890.46064234804
68757.68307804875
======================
f7
2508565067.954934
4300721712.19077
2702613798.01998
6079807096.434843
4833767090.692691
6369968908.604895
2313920613.1687126
7436860783.074965
4659515604.007075
4213848905.7104025
5171855165.787736
7067015102.886607
7728452103.933539
6479052795.575695
4364734182.807453
4586493007.223566
5583089099.826721
5683034981.075822
3853398980.8562694
5773306411.322709
7943480593.66457
5409229263.779005
5174851587.016085
7935209216.643019
5153459465.305329
4007170844.123801
6097488647.527152
4771327614.483052
6666983785.840091
5884620918.113035
======================
f8
4.9516361641569375
3.5631313461038587
23.581190856187277
96.24084611697316
96.57183136554221
2.00625163196133
684.8384843214606
628.919643640229
52.28917375171925
22.206490651189625
144.72957833631463
11.55448064103659
2.79256909664565
9.490610907609039
14.377248771821105
7.228873694344742
2.4525046617149826
None
228.17543083353547
16.7186430353739
88.6295696009621
1518.9303068333022
6.9914009991632895
40.23064622089916
111.03225941005883
135.19160605864442
23.902915622697556
38.025790310203405
14.441175960575151
5.772081642928583
======================
f9
436.32132399741994
372.25056386189164
461.09306848297683
444.681223345177
474.8841338336868
534.3594885040291
439.5659539499084
408.1988737560082
484.472122986398
454.3449464141654
474.42122393696525
407.8957944972401
528.3083137070687
453.2204272408902
459.851659522659
493.9972720667346
474.1480231900034
466.31335600029433
446.5182995810215
371.9552304782623
483.2224745290802
482.8979271113552
481.12661833841963
524.2200533036506
470.3553384125287
394.41683550552466
476.40127570070337
406.4831994195622
527.2653002119033
535.0257476156982
======================
f10
642.5469145280898
624.1995433239537
627.1609924006374
630.2455740715781
652.496445370455
646.1782288219712
614.7210047483252
588.3187563485134
628.3149110389683
633.3769625060164
617.4554468704833
628.6091809847997
623.2915193378653
633.4708991982202
633.2892845952678
609.8523520755131
619.2719716872602
627.5049045794053
615.3144722796269
648.1212993718718
632.6294785181342
649.3704859206935
647.6935174775898
624.2511796212772
627.5652863256225
610.7401166789024
628.9649347356531
649.8660885714711
615.1622817878308
639.121072160913
======================
f11
8615.237224802348
10038.096886596823
8235.287711532847
9718.312224266112
7584.458096892021
10305.167943517636
10643.755284738249
9694.460153635777
12862.530961303575
6839.994710304925
10598.512796229863
9623.744214203181
8452.181923762522
11279.460453622321
7219.922549051231
8955.506206020973
10627.413475442034
9828.7767613491
10578.888492932834
10472.19287981859
9970.864468837433
7629.01755628375
9831.02173511266
6664.687136734041
9986.527968724187
9536.109250312757
8813.931841757667
9978.65862113126
13042.768573172765
9477.692485865258
======================
f12
238691031.62732777
2904242600.192557
3642042056.691691
323398631.532108
2567646.48817573
5571879.619450512
967267913.7174736
1308363876.836292
428456284.3048205
16443310934.421968
None
None
1624272740.0699875
4951354325.7026
5577308753.609333
3193141.731169577
None
153471739.39192533
103336674.16667861
240750536.4356172
103027919.36348377
878594871.0025958
604997105.5450219
16937915534.287958
341653225.8996193
1100480642.1316695
105291432.61924775
2062284814.180575
471439233.3571596
144295582.51482856
======================
