
Absolute Error
2539.3700805365315
16.030665168462292
1832.1213592338236
1446.367600437321
1593.644620102038
348.5440484061073
73.95585694558667
1701.5976409890727
371.8537000520273
26.220450793933196
1817.545900450008
2045.1323220299291
1865.170149912101
385.50722855583626
3.3635649452289726
2331.585813463439
1789.506325340345
812.0281597486319
2113.588210881937
309.47035519740894
2509.4401231114543
56.3990193216714
958.8952417447144
1874.7584418375527
1500.0858212560606
23.459367418941838
4037.5713972128715
1307.4263863281503
15.932563861704693
1562.8700594197217
11.638319500882062
828.2651988044554
2.112976239975069
4.011950084985074
2409.705275082784
44.5727250644095
1384.4339584777035
3140.0517292849377
36.55795284952819
5.308073668656107
3719.7927149642
899.3420331096231
10.510565378035608
5.974441996075257
2214.937304127042
1069.186696462326
481.52309191483164
443.24518314001034
1313.0852944427143
299.52924039420213
4803.526036281251
487.3803485286553
21.106874883559612
12.124811040636814
565.9913094945514
1678.2291993554118
255.9829776180659
255.2066385286853
1072.4858014649808
2364.1710019452594
51.38348658711584
2.1738355062962
688.6549835684518
2774.2147692402214
75.25492532839235
1996.1678774654156
2098.0612487449325
2118.3541401851944
1274.4532798634918
165.07951253253304
223.95387729803952
==================================== 
f1
4.9859408657323e-22
9.168153698865645e-22
1.789594790622209e-21
4.919771242790332e-21
1.2489260712729795e-21
3.299628729452197e-23
2.3603674836817635e-22
5.4767254807342214e-21
1.4448084722418961e-22
1.2358499505958689e-22
1.4725834624208484e-22
6.277472462693758e-21
4.1201554469537303e-22
6.3271912496369215e-22
5.4548303987417e-23
6.177824170817467e-22
2.1902381815150547e-22
2.3675511829106805e-22
3.862621730404307e-22
1.4936629060346255e-22
7.4548993324583915e-22
7.512012278701359e-22
9.410469505643026e-22
1.56290788812204e-23
2.7122913502491974e-21
1.8030568568681354e-21
1.5509626783369144e-22
6.05029508815324e-21
5.831194044988785e-24
1.5839681181318971e-21
======================
f2
1.0625164144387035e-18
3.027388847424559e-19
1.3435153487776114e-14
1.4274073654316895e-14
3.5742585848063066e-17
1.091128649620184e-19
5.232875225560077e-18
3.005195991416911e-19
1.4055146928833235e-19
7.19473299978401e-18
1.204247780404076e-16
3.0520990868398075e-14
1.0986629904542999e-17
6.36889339504434e-20
6.832289423234633e-14
6.456104473374909e-15
1.6629393709722727e-19
6.000461834297387e-17
1.6923734986512556e-14
4.0030163307072525e-17
1.3185348580482674e-21
1.5268808932234463e-18
6.591127958407826e-20
5.693470688189845e-17
8.4921868011098e-18
2.0292146638889163e-19
6.594639224904437e-16
6.140641733116031e-19
5.282397764924929e-16
1.8683891638906696e-15
======================
f3
1.292186726249063e-22
4.1266697905724604e-24
1.3471432476633065e-21
2.354375200018185e-22
5.796611601963224e-21
6.656027320625129e-23
5.053326337910229e-22
1.0506231252708443e-22
3.697492102191911e-22
2.3216144787228567e-21
8.578578603441291e-22
1.1063719916197923e-21
4.494590319309556e-22
3.8719719658453987e-22
3.171931082188735e-22
4.3789638901800776e-21
1.025390289897057e-21
4.815835070710919e-22
2.9327684618573193e-22
4.390947199006442e-21
1.0287777835479955e-22
5.2245458028213946e-23
3.2101008166192775e-21
2.1101523462125137e-21
5.069844564733543e-22
3.392785137685059e-23
2.414849570168429e-22
4.328284831540752e-23
2.8203593389069297e-21
1.6951387397983885e-22
======================
f4
2.9657267058012035e-18
1.7832150548128915e-16
1.3464657090668927e-18
3.611805746559271e-18
2.6562901029535473e-15
7.308738222097522e-18
1.2841407658946388e-20
1.0617543796629664e-19
2.9979447954816547e-15
3.3277641134298423e-16
6.505952582825445e-18
1.5879852593614596e-17
6.043688338108185e-16
1.7082083016835433e-20
1.3700651431492257e-20
5.473211274364841e-16
1.8988982160760707e-18
1.6251173330121546e-20
6.47679454807772e-15
6.614343789672753e-20
2.247362537553192e-19
4.942851029181163e-18
1.1853423870659508e-18
3.4293365748102456e-17
1.2244208882910411e-17
5.751594292798969e-18
5.668120531301366e-18
1.1415546959406041e-17
4.290351019805172e-19
3.528856810147345e-17
======================
f5
28.942496588458674
29.000000000000014
28.985674272315876
28.972461801155674
28.963130935298846
28.99999848863555
29.000000000004164
28.984442277059678
28.835566269437226
28.82278263502631
28.971405866852407
28.785879353524326
28.98307625680413
28.997454735809086
28.90406723122681
28.9990745505194
28.959685164981536
28.82668127220998
28.75542832057038
28.999997764830805
28.896969277704585
28.98503886661907
28.869096727612643
28.748905406580818
29.0
28.87496831949775
28.887058339414892
28.900296892512046
28.86735982496071
28.983682079549027
======================
f6
5.121788740983567
4.373825926332825
7.500000000000001
7.498992546097636
6.380638630608012
7.499995123476512
7.484689091990238
7.498495397118573
7.410922847580552
3.3155472452417305
5.7673401396532675
7.4948634873649125
7.498268340708488
3.2407359792181816
3.4076610047657785
0.9736915003170115
1.2829610767829465
7.499999999966933
7.5
6.439250271253764
7.499995498072979
0.7126703954890525
3.2345992807397366
7.22543586981389
5.128486810986776
2.9596171884628695
1.7765476295925533
7.120418089018209
3.041682241138858
7.496903355325098
======================
f7
11.522312156137685
13.429573257984234
13.334759078671787
13.337586776755554
12.302448418655423
11.015254063485342
11.201812898101627
13.503701289064267
10.68572774716164
12.890938149977362
12.38709340800374
12.27347700230666
12.840024350107635
12.65364448494317
12.02245152885766
12.120505770672901
12.655252146653808
13.446466200489493
12.911284961115339
12.995665156561364
12.725616646415427
12.271440374025437
11.592987864908844
12.18641950571047
12.450653985913657
11.89897895103024
13.407187278226392
12.96576905713992
13.564535742963397
12.663122105399665
======================
f8
5.563518434160209e-21
-2.264878565109215e-05
-2.9254934636692236e-07
-4.7328412935204915e-05
-1.0593805425803432e-08
-9.944410195222068e-07
-1.993110404976419e-06
2.239101490975638e-21
-6.612774796117809e-08
-8.88008979076406e-05
-2.334250520625555e-15
8.542316934592937e-21
3.18820787535415e-21
-7.833691387005583e-05
-4.691771990213236e-06
-3.025429450589778e-05
1.354481861375883e-16
-3.6331585909851422e-06
-5.334212396936462e-18
1.2601854082093362e-21
-5.347077824883747e-06
2.5363309436066715e-21
-5.510033172828186e-13
1.3952208368720349e-21
-2.504365713784458e-06
6.482766197782769e-22
-1.0940287337975065e-06
-3.1409134882211002e-06
-2.2486325974667483e-14
-6.892307426532607e-05
======================
f9
0.0
0.0
0.0
0.0
0.0
0.0
0.0
0.0
0.0
0.0
0.0
0.0
0.0
0.0
0.0
0.0
0.0
0.0
0.0
0.0
0.0
0.0
0.0
0.0
0.0
0.0
0.0
0.0
0.0
0.0
======================
f10
29.136086169078045
29.136086169078045
29.136086169078045
29.136086169078045
29.136086169078045
29.136086169078045
29.136086169078045
29.136086169078045
29.136086169078045
29.136086169078045
29.136086169078045
29.136086169078045
29.136086169078045
29.136086169078045
29.136086169078045
29.136086169078045
29.136086169078045
29.136086169078045
29.136086169078045
29.136086169078045
29.136086169078045
29.136086169078045
29.136086169078045
29.136086169078045
29.136086169078045
29.136086169078045
29.136086169078045
29.136086169078045
29.136086169078045
29.136086169078045
======================
f11
4.549238430989706
478.96194044768265
318.49807915440925
57.283495798679326
24.724012954741255
32.734440629317454
1.6446466547820588
14.40867828245509
63.88572996351267
111.48129014355227
147.58549871064488
18.438136724402327
47.55790277050361
2.297721561457352
81.5676164925441
3.580294099612674
5803.069051173896
214.05365111571857
30.80682301164851
87.24522776599082
127.04205014576813
42.60442625711755
82.82596384167857
240.1552296546505
2.076388390546288
58.021738997790116
12.396129904093833
209.00659379327436
41.85575712970258
49.12051038826351
======================
f12
271.1345195103071
270.97334554860413
266.1175060458759
121.18124141923622
270.383189399555
267.54300603856234
242.95249749434396
271.134528828738
271.13451951033005
271.13452619410475
271.1345195564403
1.4412590924092115
271.1345195103215
271.1345196941426
131.6942503239355
170.5940580889992
242.28295607253833
267.7850127596293
111.78551580465822
262.36799132642153
268.36424801540454
198.15355749026838
270.98757472726203
271.1345195113008
209.01088411525726
254.01995128887265
266.21743046791596
271.1345195126681
271.13451956847416
271.1345207868043
======================
