
Absolute Error
2474.5452800000003
602.2330799999991
1690.068799999999
1329.1669999999986
1527.2117999999991
40.16827999999987
206.76800000000003
1059.3967999999995
298.65312000000085
305.89860000000044
1732.797919999999
1836.6493
1769.1404999999995
266.8279999999995
453.13174999999956
2179.8921599999985
1706.6404999999995
753.585939999999
2046.4662399999997
95.30699999999979
2434.28254
43.8130000000001
921.3615999999984
1687.1634399999994
1431.9155600000004
471.0040000000008
3987.60184
1160.6791999999996
211.52500000000055
1514.9845000000005
488.9415600000011
748.5297600000004
32.9920800000009
212.39239999999882
2387.77736
29.076640000000225
1055.6488
3049.2032600000002
106.40059999999994
299.41439999999966
3710.90272
827.7119999999995
158.192
219.19860000000062
2181.8974999999996
771.7200000000003
425.72448000000077
327.16499999999996
1276.6053000000002
230.27999999999975
4697.2600999999995
305.6800000000003
436.6750000000002
341.89599999999973
380.34000000000106
1233.3199999999997
207.04968000000008
235.08500000000004
987.0160000000005
2326.1592
108.49067999999988
130.80447999999978
676.2988999999998
2675.4524999999994
45.743249999999534
1805.8359999999993
1940.6000000000004
1946.3600000000006
1105.12
151.27999999999975
133.26500000000033
==================================== 
f1
290047.9131964502
280569.20429191034
281709.28711660166
280719.1635572517
290008.338190304
300000
282890.34753832
282601.6075601602
290508.59966417856
281231.43246793875
281602.11287475144
288328.07316688984
286622.9073608236
280312.22851307155
289354.6251443192
290094.0200915016
290177.5134056435
290002.6503960902
290026.92844774923
290069.55729454925
285402.34559639235
282317.14209816995
290034.4990719707
290000.51787879027
290079.26411828736
285014.3832183952
290173.60711008153
281416.56551980006
291077.9743786141
289612.49759277276
======================
f2
582.2864456188779
580.7779995444539
568.3971638311319
576.393940371073
569.8936671650225
581.0514742591628
581.9144227937513
580.2689564146629
580.8242501635967
582.7675216235173
580.9404780949437
582.1617223086536
573.1551861997583
580.7204316945345
563.0527828099999
580.2608648872988
569.0014097686575
574.8926857739532
579.6400689799553
580.1217559479762
565.7147470693926
578.8096637180538
563.1399362349525
580.9291257140978
562.9569774323153
580.2215983158566
566.2627509042385
581.016160034686
580.984244385081
574.2041186124256
======================
f3
4204819.579338177
4226165.073327011
4318480.556144475
4177998.9739737846
4288520.747797662
4371599.120156314
4153731.5158730973
4400390.368396964
4421952.755281651
4361098.321393615
4346234.669856729
4520825.833520508
4481263.209119287
4172468.0830637794
4242559.555286003
4411679.675938358
4346293.628772288
4207746.727721387
4247379.30568549
4420032.041827798
4400959.2350322865
4350198.0858927
4400970.715348046
4518927.933148165
4368224.783196897
4276044.14896512
4370289.704821288
4450655.194474003
4380418.23099685
4500466.3572911825
======================
f4
100
100
100
100
100
100
100
100
100
100
100
100
100
100
100
100
100
100
100
100
100
100
100
100
100
100
100
100
100
100
======================
f5
2255915396.860637
2139515719.0330846
2173053533.3090014
2159366902.17962
2275239574.299941
2208173369.540148
2296111705.5650578
2140500973.1108778
2252904380.2701674
2258691380.09656
2233925360.128291
2296815311.4801226
2315560355.5861444
2265044808.0984154
2167810762.125124
2259835156.9042864
2140823053.6970615
2296837643.612816
2120218692.232943
2146728346.9780633
2234997010.2427087
2232114985.6618176
2221211990.9168396
2208764241.840888
2274760780.229806
2233830697.278633
2232067841.604862
2204734891.8827934
2357036189
2158349625.4961624
======================
f6
282106.0827919727
289933.2005336116
282730.96640197077
290511.5069308969
290320.8202096933
286798.415933754
290115.0773660945
300407.5
290118.3886328575
285398.9238759985
289626.85298505565
288917.6853801607
289813.5260851403
289944.6411494311
283449.70566958224
289894.3918606257
284398.53563080484
299607.5
289307.2547414568
285526.4754931003
289107.4725208116
290190.34153156605
283218.2308552552
282882.01781250694
289987.28066993057
289914.6223884326
289717.6647056133
283596.337473978
290784.86791877024
290226.9743744661
======================
f7
44800711843.86149
45300000028.34505
41929018897.059135
45800000051.96664
44400008535.856026
42144048481.43709
43500006513.02168
42209228785.62185
44300007180.97556
44312041683.73722
42379451206.84268
43600230099.151855
44464416413.95454
42179806325.299706
43800001889.04459
43805489883.14141
44178822789.35359
43601337917.764946
41205473518.60852
43222088436.5326
43305622246.4205
46500000009.66553
44306818776.17165
44205190890.1269
44000092070.374535
43132476350.58991
43500269791.0436
43824002760.3228
43700000025.99745
46200004340.46637
======================
f8
-5.684341886080802e-14
722.3566341255669
5.684341886080802e-14
1083.5349511883505
5.684341886080802e-14
1444.7132682511342
1083.5349511883505
-1.7053025658242404e-13
361.17831706278344
-1.7053025658242404e-13
361.17831706278355
-1083.5349511883505
-1194.4492543078688
1444.7132682511342
-5.684341886080802e-14
-1083.5349511883505
122.82278885467744
-361.17831706278344
-1.7053025658242404e-13
-722.3566341255671
1568.8117181564867
1064.4966326138215
-2024.7189462203266
5.684341886080802e-14
0.0
-5.684341886080802e-14
-361.17831706278355
-1.7053025658242404e-13
-722.3566341255669
-722.3566341255669
======================
f9
842.900289616825
828.5045427975297
846.3169143789314
838.9841713387889
838.9019264433617
823.4273695635545
826.9842970044814
849.4093047770486
841.5803369086237
831.8434590122615
842.8568775219978
842.430782326758
848.183859086591
844.0319665247691
839.9689041223694
840.5882334177969
814.0324899491613
843.2185139752384
867.7414117735767
839.8144675023455
836.9767621178222
844.8100741930143
839.8174719039139
840.9729993767899
841.3832982413389
867.7414117735767
814.4635690709342
839.6318463274486
843.264886124574
841.2871428230409
======================
f10
609.839087571432
619.2143975002324
626.3443013725807
612.6259162195505
628.2574571416853
614.8188259510798
609.8406134115116
609.8582428659082
614.8412691833206
615.6844036334489
615.9466956976254
609.906438415304
609.8409718063892
629.136086169078
616.6407356236047
610.1528340968088
614.7594805423016
629.136086169078
615.1012469139122
616.6390348027979
621.2734572328584
612.805731323345
612.3740100956119
610.6298089401059
612.6874744356514
611.6913111373566
626.6740643758378
621.7189928862798
619.7032275360758
610.0772509122851
======================
f11
38560.51028692608
39213.22488364963
39281.19073904009
38634.39470581071
39178.722769991946
39572.186493372166
39148.3391696668
39569.815635396895
39879.470707296095
39342.54148010535
39477.07082355001
39102.74920447743
37601.11365262755
40230.32186471355
36669.737410345784
39239.94212963949
40172.22199558171
37636.3321991858
37795.23268233671
37800.7317272341
39423.052595841014
39260.380562256774
39384.73987579565
39167.98168749816
40140.220423130406
37573.645098044595
39511.456617931944
39241.32836151823
39951.20206385231
41580.452359010014
======================
f12
26283.4552431298
-140799974602.38452
12800027646.13452
26284.265943235776
11938294823.703957
-38399973102.38452
38400028021.13452
-115199974227.38452
64000028396.13452
109762.65127199626
38400028021.13452
-89599973852.38452
-166399974977.38452
-12799972727.38452
26046.608959623514
26108.70842560582
-217599975727.38452
-115199974227.38452
-63999973477.38452
12800027647.61548
21963.544597489457
791189.9825156403
30537.259668694758
12800027646.13452
26569.260758810236
44797.39615247094
-115199974228.86548
12800027647.61548
26836.992741680373
12800027647.61548
======================
