
Absolute Error
2474.5452800000003,
62.39400000000114,
1690.068799999999,
1329.1669999999986,
1527.2117999999991,
40.16827999999987,
63.52327999999943,
1059.3967999999995,
298.65312000000085,
305.89860000000044,
1732.797919999999,
1836.6493,
1769.1404999999995,
266.8279999999995,
15.396850000000995,
2144.15568,
1706.6404999999995,
753.585939999999,
2046.4662399999997,
95.30699999999979,
2434.28254,
43.8130000000001,
921.3615999999984,
1687.1634399999994,
1370.5420400000003,
376.3242400000008,
3987.60184,
1160.6791999999996,
211.52500000000055,
1514.9845000000005,
488.9415600000011,
748.5297600000004,
32.9920800000009,
212.39239999999882,
2387.77736,
29.076640000000225,
1055.6488,
3049.2032600000002,
106.40059999999994,
299.41439999999966,
3710.90272,
827.7119999999995,
158.192,
219.19860000000062,
2181.8974999999996,
771.7200000000003,
353.65391999999974,
327.16499999999996,
1276.6053000000002,
230.27999999999975,
4697.2600999999995,
305.6800000000003,
285.40749999999935,
172.47639999999956,
380.34000000000106,
1233.3199999999997,
207.04968000000008,
235.08500000000004,
987.0160000000005,
2326.1592,
108.49067999999988,
84.90879999999834,
676.2988999999998,
2675.4524999999994,
45.743249999999534,
1805.8359999999993,
1940.6000000000004,
1946.3600000000006,
1105.12,
151.27999999999975,
133.26500000000033,
==================================== 

Absolute Error
2481.322064,
62.39400000000114,
1690.0688000000002,
1329.1669999999986,
1528.5713399999981,
40.16827999999987,
63.52327999999943,
1059.3967999999988,
298.65312000000085,
305.89860000000044,
1738.7539999999979,
1836.6492999999994,
1769.1405000000007,
266.8279999999995,
15.396850000000995,
2144.155679999998,
1706.6405000000007,
753.5859399999987,
2050.039888000001,
95.30699999999979,
2434.28254,
43.8130000000001,
921.3615999999978,
1688.3728744999987,
1370.5420400000003,
376.324240000001,
3987.601840000002,
1160.679199999999,
211.52500000000055,
1514.9844999999993,
488.9415600000011,
748.5297600000009,
32.9920800000009,
212.39239999999882,
2387.7773600000005,
29.076640000000225,
1055.6487999999993,
3049.20326,
106.40059999999994,
299.41439999999966,
3710.9027199999987,
827.7119999999995,
158.192,
219.19860000000062,
2181.8974999999996,
771.7200000000008,
353.6539199999999,
327.165,
1276.6053,
230.27999999999975,
4697.2601,
305.6800000000003,
285.40749999999935,
172.47639999999956,
380.3400000000009,
1233.3199999999997,
207.04968000000008,
235.08500000000004,
987.0159999999998,
2326.159200000001,
108.49067999999988,
84.90879999999834,
676.2989000000001,
2675.4524999999994,
45.743249999999534,
1805.8359999999982,
1940.599999999999,
1946.3600000000006,
1105.1199999999992,
151.27999999999975,
133.26500000000033,
==================================== 
f1
1.0947592138441487e-29
4.073527157545332e-28
0.0
3.175476086928582e-39
0.0
0.0
4.6758081109475074e-27
2.0121621436240252e-49
1.938304408840073e-71
0.0
2.573804485598009e-32
0.0
4.479691799492934e-37
1.1016129736023201e-48
1.3942241980015383e-71
1.2088442794032607e-47
0.0
0.0
7.3039027142828825e-34
8.423900960964298e-26
4.7790876545260787e-26
4.860512022914693e-33
7.504706070514751e-34
0.0
4.709570866757091e-28
1.1161562188157058e-35
0.0
1.361114622922634e-27
0.0
0.0
======================
f2
1.4239958344441685e-24
1.4736772509086682e-24
3.778172989431968e-23
6.873834451199434e-38
2.1626988073883995e-31
1.2381872933876246e-56
9.157561851130183e-22
1e-08
5.937785796148945e-21
1.5740761702658274e-21
1.4287595176117853e-29
1.8210141390856825e-25
2.3766508406477566e-24
6.943971176842543e-30
6.24036657833701e-23
1.5173427641607675e-21
1.5672848711591242e-24
1.9634835251736165e-26
1e-08
1.4458872206499805e-25
1e-08
9.301014389719355e-25
1e-08
4.205944758475219e-32
1e-08
6.285881895402651e-14
2.249536938483517e-24
4.637567590979066e-41
3.630723887311432e-57
1.5073743912772329e-24
======================
f3
1.1348534790282596e-62
0.0
4.613828518023011e-31
3.513534968221871e-23
0.0
7.382764408048819e-22
4.490848655608513e-28
1.2098030046859643e-43
0.0
1.9843229601989344e-28
0.0
0.0
1.603926873700348e-41
3.348009305997428e-27
8.188708567063606e-39
8.730347544897959e-32
0.0
0.0
0.0
0.0
0.0
0.0
7.240310733601075e-30
3.640684517567016e-29
0.0
0.0
4.502248250430693e-28
0.0
6.86297365687111e-51
0.0
======================
f4
0.0
1.4345627413280289e-30
5.930234378781629e-28
2.420578738927925e-31
2.4497156302782604e-21
0.0
4.7507530325991453e-36
6.052628569426784e-36
8.44942715517906e-26
3.309497717970567e-25
1.9652993536972113e-32
5.655907115782921e-23
0.0
5.245705500280871e-31
0.0
9.252287870842797e-30
2.024460661967998e-37
8.352993425042279e-22
6.303502096531068e-27
0.0
1.9930840914512234e-22
3.273088811668871e-39
2.7346379990501904e-24
0.0
5.510269257365515e-40
0.0
2.131590360420127e-21
1.289795574676099e-26
0.0
0.0
======================
f5
28.980033523669647
28.996486899663918
28.994302336189186
28.9999592694435
28.98697435954783
28.93505649270381
28.985208618525547
28.7810080280895
28.99552406587205
28.980045293650115
28.992486458626153
28.987665696261175
29.0
28.985166484435762
28.99992753538489
28.980895426686804
28.94594796675694
28.99010946772194
28.93268668946844
28.99969094565151
28.98635445083843
28.999982147045074
28.99049217032905
29.0
28.982064981608694
28.990665928142874
28.987598279146546
28.966050984375574
28.999343773978502
28.97965268797378
======================
f6
7.499986366786878
7.250001855010588
7.488212968509123
7.472482449306485
7.250000569351587
7.390672684133923
7.238911049702705
7.468845100023251
7.250000409453195
7.499977604062515
7.499788278061373
7.250000029423319
7.499641300013889
7.462891137458007
7.475484650725084
7.49828271404402
7.498574049686406
7.2500000539057545
7.250654018059308
7.499999999999782
7.2500000008400995
7.499999999983274
7.25003114653687
7.250006087217844
7.485299539521478
7.2509600722218615
7.245828768882895
7.5
7.25001556393541
7.250003197139095
======================
f7
10.210444066434974
10.694124696899394
10.350469305063651
10.519796625479716
9.598193938018667
11.188821404396165
10.024658815417368
10.407429760557552
9.315171045675585
11.082534083679674
9.882642334535637
11.06773258038945
9.506797972593583
10.403868384268794
10.519702368364248
9.889814779996064
10.349247537320021
10.591727429229705
10.44962403691429
11.1080647118307
10.19782322174454
9.934653221024666
10.217850392566161
10.530481000990479
9.660798021717888
10.267245408310695
10.541763093303057
9.441118596397681
9.929435573901928
10.70603184922334
======================
f8
0.0
-5.684341886080802e-14
0.0
0.0
-2.2889255501108245e-06
0.0
-1.1026507706901612e-05
-5.734733752045108e-07
0.0
0.0
0.0
0.0
-2.257550758863515e-09
-7.1332921720568265e-06
-1.6274270819849335e-09
-1.281415507037309e-08
-1.4531725952338093e-05
-3.183231456205249e-12
0.0
0.0
0.0
0.0
-2.6159710841966444e-08
-2.8137492336099967e-11
0.0
0.0
-1.7053025658242404e-13
-1.7539741179461998e-06
-1.4094292737354408e-06
-3.7382123082352336e-05
======================
f9
0.0
0.0
0.0
0.0
0.0
0.0
0.0
0.0
0.0
0.0
0.0
0.0
0.0
0.0
0.0
0.0
0.0
0.0
0.0
0.0
0.0
0.0
0.0
0.0
0.0
0.0
0.0
0.0
0.0
0.0
======================
f10
29.136086169078045
29.136086169078045
29.136086169078045
29.136086169078045
29.136086169078045
29.136086169078045
29.136086169078045
29.136086169078045
29.136086169078045
29.136086169078045
29.136086169078045
29.136086169078045
29.136086169078045
29.136086169078045
29.136086169078045
29.136086169078045
29.136086169078045
29.136086169078045
29.136086169078045
29.136086169078045
29.136086169078045
29.136086169078045
29.136086169078045
29.136086169078045
29.136086169078045
29.136086169078045
29.136086169078045
29.136086169078045
29.136086169078045
29.136086169078045
======================
f11
2961.546404067658
1023.6474812540182
5054.729994446394
1194.351217948897
3037.358603050751
1318.6722903274094
1500.933688302609
1512.7321093134958
5969.258308100643
3447.80821687573
1370.7812905467254
7573.203808481717
1984.1662116899959
12650.205445265254
9904.777303401708
951.0296326466424
4786.321720082505
37.25988261227667
1242.9982943678247
5284.260480835657
2655.9793782205124
5903.111495274784
1703.5896752661572
4220.448805790436
7835.044408241242
11314.278849008067
6731.26242479567
956.9808077131888
5014.201020416317
2877.8494267794313
======================
f12
271.13451951030686
271.13451951030686
28.931590331720088
8.946809899972095
271.13451951030686
18.258408139961347
239.7398969052014
271.13451951030686
268.69580204521935
271.13451951030686
251.048960842801
242.1710703534415
271.13451951030686
271.13451951030686
210.7517826892986
271.13451951023103
59.7287632390364
263.3225650436182
271.13451951030686
270.99288897830104
271.13451951030686
143.07880647931378
140.53194635310993
192.16104951750157
137.75321724505818
11.475711948921628
271.0953455894044
3.5990222862665178
100.65891348343641
253.0980205653588
======================
